# [H cm^-3] [K] [ergs cm^-3] [s] [dimensionless]
rho temperature pressure cooling_time HI_fraction
1.0000000000e-06 1.3331250336e+05 3.0852594182e-17 1.0461052170e+22 1.2081072332e-06 1
1.0391223038e-06 1.2562357851e+05 3.0210171594e-17 0.0000000000e+00 1.3275786350e-06 1
1.0797751623e-06 1.1899599982e+05 2.9735575792e-17 1.2903869076e+22 1.4512127651e-06 1
1.1220184543e-06 1.1352452424e+05 2.9477776761e-17 1.0104298447e+22 1.5751644831e-06 1
1.1659144012e-06 1.0845703561e+05 2.9263381561e-17 9.9161246096e+21 1.7072274530e-06 1
1.2115276586e-06 1.0389382939e+05 2.9128508496e-17 1.6166782104e+21 1.8454161393e-06 1
1.2589254118e-06 9.9566747259e+04 2.9007007894e-17 1.3198038329e+22 1.9937805412e-06 1
1.3081774743e-06 9.5636725382e+04 2.8951725802e-17 1.8470608880e+21 2.1492237915e-06 1
1.3593563909e-06 9.0388703208e+04 2.8432978028e-17 4.2330194075e+21 2.3526634428e-06 1
1.4125375446e-06 8.5067415185e+04 2.7805397652e-17 0.0000000000e+00 2.5850833270e-06 1
1.4677992676e-06 8.0516298524e+04 2.7346910443e-17 2.5434019394e+21 2.8243844269e-06 1
1.5252229565e-06 7.6457867652e+04 2.6983831693e-17 0.0000000000e+00 3.0755737639e-06 1
1.5848931925e-06 7.3244741687e+04 2.6860629024e-17 5.6966032126e+21 3.3211852816e-06 1
1.6468978655e-06 7.0437257116e+04 2.6841110279e-17 7.2476625161e+20 3.5731670900e-06 1
1.7113283042e-06 6.7720888855e+04 2.6814926734e-17 0.0000000000e+00 3.8446293868e-06 1
1.7782794100e-06 6.5296217488e+04 2.6865772064e-17 1.3292368412e+21 4.1254125070e-06 1
1.8478497974e-06 6.3112224676e+04 2.6982488079e-17 4.7422394561e+20 4.4164176063e-06 1
1.9201419386e-06 6.1120349954e+04 2.7152431497e-17 2.6394741701e+21 4.7191452150e-06 1
1.9952623150e-06 5.9378123704e+04 2.7409788702e-17 3.2418508040e+21 5.0280083876e-06 1
2.0733215735e-06 5.7828007977e+04 2.7737899434e-17 8.3157045774e+20 5.3449429586e-06 1
2.1544346900e-06 5.5819117706e+04 2.7820838429e-17 0.0000000000e+00 5.7267731552e-06 1
2.2387211386e-06 5.4003659364e+04 2.7968173864e-17 1.0740233793e+21 6.1227401804e-06 1
2.3263050672e-06 5.2397665070e+04 2.8197226866e-17 7.6136960613e+20 6.5288368078e-06 1
2.4173154808e-06 5.0806527395e+04 2.8409508101e-17 2.0004601115e+21 6.9650726122e-06 1
2.5118864315e-06 4.9408374317e+04 2.8707598548e-17 5.5047882012e+21 7.4108894689e-06 1
2.6101572157e-06 4.8175582012e+04 2.9085404882e-17 1.1019228415e+21 7.8666125785e-06 1
2.7122725793e-06 4.7003959773e+04 2.9487226829e-17 2.4003845044e+20 8.3452023226e-06 1
2.8183829313e-06 4.5848660803e+04 2.9886338538e-17 1.4707407443e+21 8.8542690004e-06 1
2.9286445646e-06 4.4823866304e+04 3.0360223437e-17 8.4546582112e+20 9.3756514508e-06 1
3.0432198871e-06 4.3885857915e+04 3.0886548479e-17 4.5890990815e+20 9.9149774881e-06 1
3.1622776602e-06 4.2979165577e+04 3.1430504607e-17 2.1059574452e+20 1.0482498547e-05 1
3.2859932476e-06 4.2066198480e+04 3.1964618788e-17 0.0000000000e+00 1.1087307514e-05 1
3.4145488738e-06 4.1151746861e+04 3.2491541499e-17 0.0000000000e+00 1.1731982584e-05 1
3.5481338923e-06 4.0306732407e+04 3.3067762155e-17 5.3608544633e+20 1.2400651531e-05 1
3.6869450645e-06 3.9520344453e+04 3.3689339089e-17 2.5206968052e+20 1.3095401833e-05 1
3.8311868496e-06 3.8774491779e+04 3.4344860346e-17 1.3350025555e+20 1.3821085697e-05 1
3.9810717055e-06 3.8036696160e+04 3.5007003415e-17 1.6357923089e+22 1.4587818101e-05 1
4.1368204024e-06 3.7366144469e+04 3.5733190612e-17 0.0000000000e+00 1.5378922371e-05 1
4.2986623471e-06 3.6748287375e+04 3.6514977658e-17 2.8147480286e+20 1.6197494217e-05 1
4.4668359215e-06 3.6138329107e+04 3.7311412516e-17 2.3668399167e+20 1.7060189908e-05 1
4.6415888336e-06 3.5538156238e+04 3.8124740413e-17 9.6516285058e+19 1.7968522919e-05 1
4.8231784822e-06 3.4940692915e+04 3.8946939779e-17 0.0000000000e+00 1.8927057721e-05 1
5.0118723363e-06 3.4409638598e+04 3.9852657353e-17 0.0000000000e+00 1.9910226654e-05 1
5.2079483286e-06 3.3918680185e+04 4.0817891104e-17 0.0000000000e+00 2.0927869533e-05 1
5.4116952655e-06 3.3433384836e+04 4.1804709992e-17 4.7135451604e+20 2.1997816829e-05 1
5.6234132519e-06 3.2929258371e+04 4.2781754367e-17 4.1505231809e+20 2.3137069590e-05 1
5.8434141337e-06 3.2406264161e+04 4.3745731638e-17 1.1072543392e+20 2.4350988338e-05 1
6.0720219569e-06 3.1925996045e+04 4.4779605101e-17 4.8503089981e+19 2.5605454170e-05 1
6.3095734448e-06 3.1435329708e+04 4.5810984364e-17 3.0181330276e+20 2.6934312579e-05 1
6.5564184942e-06 3.0996757400e+04 4.6934575162e-17 0.0000000000e+00 2.8300347189e-05 1
6.8129206906e-06 3.0599460699e+04 4.8140884872e-17 1.3861907731e+20 2.9707588342e-05 1
7.0794578438e-06 3.0218614940e+04 4.9396634838e-17 1.1879562777e+20 3.1174857067e-05 1
7.3564225446e-06 2.9773220995e+04 5.0567167605e-17 1.0272423970e+20 3.2775763568e-05 1
7.6442227425e-06 2.9366676666e+04 5.1822237909e-17 3.7043018330e+19 3.4427482093e-05 1
7.9432823472e-06 2.8939492917e+04 5.3058401119e-17 2.3941554290e+20 3.6184883930e-05 1
8.2540418527e-06 2.8553209770e+04 5.4391550731e-17 0.0000000000e+00 3.7997274317e-05 1
8.5769589859e-06 2.8197326104e+04 5.5807959952e-17 1.3121695213e+20 3.9871480148e-05 1
8.9125093813e-06 2.7846354950e+04 5.7261968331e-17 2.0231004391e+20 4.1836821135e-05 1
9.2611872813e-06 2.7510627816e+04 5.8776814330e-17 1.2892395631e+20 4.3884619271e-05 1
9.6235062640e-06 2.7125122554e+04 6.0211922240e-17 6.1172750026e+19 4.6104995624e-05 1
1.0000000000e-05 2.6765905868e+04 6.1729948301e-17 2.7862288790e+19 4.8406582218e-05 1
1.0391223038e-05 2.6387324152e+04 6.3225096178e-17 1.4898958428e+20 5.0852501985e-05 1
1.0797751623e-05 2.6046280968e+04 6.4838952036e-17 1.9735175042e+20 5.3374796829e-05 1
1.1220184543e-05 2.5723492286e+04 6.6529488375e-17 1.2286196086e+20 5.5997903059e-05 1
1.1659144012e-05 2.5414183444e+04 6.8289292781e-17 9.5965008966e+19 5.8731833556e-05 1
1.2115276586e-05 2.5117097718e+04 7.0119002274e-17 8.9247431818e+19 6.1581921668e-05 1
1.2589254118e-05 2.4795576926e+04 7.1916209421e-17 2.4209214771e+19 6.4626886868e-05 1
1.3081774743e-05 2.4446989163e+04 7.3661027485e-17 0.0000000000e+00 6.7878417331e-05 1
1.3593563909e-05 2.4151014861e+04 7.5600830410e-17 2.1079811486e+20 7.1192197797e-05 1
1.4125375446e-05 2.3867179900e+04 7.7619144016e-17 1.1699498610e+20 7.4645986816e-05 1
1.4677992676e-05 2.3591722723e+04 7.9707784266e-17 2.4436672153e+20 7.8252946108e-05 1
1.5252229565e-05 2.3334843363e+04 8.1906299745e-17 5.6688918924e+19 8.1991390211e-05 1
1.5848931925e-05 2.3081148068e+04 8.4166262715e-17 7.8533309416e+19 8.5906875780e-05 1
1.6468978655e-05 2.2829265328e+04 8.6484561959e-17 3.9576211692e+19 9.0011804948e-05 1
1.7113283042e-05 2.2554720915e+04 8.8765888394e-17 1.9492272135e+19 9.4394011932e-05 1
1.7782794100e-05 2.2264279072e+04 9.1021372775e-17 5.5561424768e+20 9.9033650991e-05 1
1.8478497974e-05 2.2003982098e+04 9.3451861445e-17 1.4065785769e+20 1.0382327547e-04 1
1.9201419386e-05 2.1755762692e+04 9.5986393219e-17 4.8691038955e+19 1.0880816951e-04 1
1.9952623150e-05 2.1513544586e+04 9.8603861352e-17 4.1251769353e+19 1.1401899002e-04 1
2.0733215735e-05 2.1280246420e+04 1.0132150781e-16 3.4690117068e+19 1.1945115391e-04 1
2.1544346900e-05 2.1073989679e+04 1.0423480758e-16 2.0706820362e+19 1.2503030875e-04 1
2.2387211386e-05 2.0868355600e+04 1.0722418737e-16 2.2744272257e+19 1.3087690925e-04 1
2.3263050672e-05 2.0642389129e+04 1.1017888638e-16 1.2003137589e+19 1.3710970814e-04 1
2.4173154808e-05 2.0393565849e+04 1.1306312476e-16 0.0000000000e+00 1.4373746613e-04 1
2.5118864315e-05 2.0178641969e+04 1.1620997951e-16 4.9690462179e+19 1.5054370140e-04 1
2.6101572157e-05 1.9966428049e+04 1.1944598685e-16 3.6636521266e+19 1.5766836873e-04 1
2.7122725793e-05 1.9759114709e+04 1.2278791036e-16 3.7131686882e+19 1.6511377612e-04 1
2.8183829313e-05 1.9561653808e+04 1.2627210593e-16 2.1499216117e+19 1.7285886156e-04 1
2.9286445646e-05 1.9365444720e+04 1.2984939672e-16 2.4591600003e+19 1.8097277799e-04 1
3.0432198871e-05 1.9178448074e+04 1.3357759029e-16 1.7787599066e+19 1.8941347176e-04 1
3.1622776602e-05 1.8986253272e+04 1.3736115504e-16 1.2089219674e+19 1.9830460847e-04 1
3.2859932476e-05 1.8758606651e+04 1.4095397185e-16 5.6935491827e+19 2.0786349303e-04 1
3.4145488738e-05 1.8562620125e+04 1.4488025759e-16 4.8619246432e+19 2.1768676726e-04 1
3.5481338923e-05 1.8376105013e+04 1.4897518252e-16 3.3944268108e+19 2.2790607346e-04 1
3.6869450645e-05 1.8193086246e+04 1.5319822200e-16 3.6000030183e+19 2.3859011488e-04 1
3.8311868496e-05 1.8017795005e+04 1.5759195014e-16 2.0580977784e+19 2.4971722708e-04 1
3.9810717055e-05 1.7845219455e+04 1.6211977203e-16 1.8054167958e+19 2.6135400951e-04 1
4.1368204024e-05 1.7680961919e+04 1.6684018031e-16 1.0252081543e+19 2.7346120106e-04 1
4.2986623471e-05 1.7517586751e+04 1.7169002778e-16 8.9776717637e+18 2.8613783814e-04 1
4.4668359215e-05 1.7356026926e+04 1.7668361610e-16 7.1793170882e+18 2.9940650559e-04 1
4.6415888336e-05 1.7149612806e+04 1.8130733040e-16 0.0000000000e+00 3.1382183277e-04 1
4.8231784822e-05 1.6965828710e+04 1.8629384032e-16 9.8866618473e+20 3.2874563942e-04 1
5.0118723363e-05 1.6789836992e+04 1.9148299905e-16 1.9922554542e+19 3.4429605615e-04 1
5.2079483286e-05 1.6610851954e+04 1.9675848545e-16 3.9056936737e+19 3.6066832864e-04 1
5.4116952655e-05 1.6446259016e+04 2.0233347305e-16 3.3821969850e+19 3.7761988987e-04 1
5.6234132519e-05 1.6288859343e+04 2.0813626451e-16 1.9995127326e+19 3.9527622532e-04 1
5.8434141337e-05 1.6140417285e+04 2.1420379565e-16 7.1466375042e+18 4.1362786429e-04 1
6.0720219569e-05 1.5987134432e+04 2.2036224329e-16 8.5665512026e+18 4.3297412602e-04 1
6.3095734448e-05 1.5841444632e+04 2.2678451468e-16 6.1616197988e+18 4.5310666393e-04 1
6.5564184942e-05 1.5661301392e+04 2.3282813804e-16 1.7510133140e+19 4.7482067765e-04 1
6.8129206906e-05 1.5488609576e+04 2.3914624863e-16 0.0000000000e+00 4.9764342346e-04 1
7.0794578438e-05 1.5330131198e+04 2.4583270821e-16 1.4047560816e+19 5.2126949764e-04 1
7.3564225446e-05 1.5168476662e+04 2.5262633745e-16 2.8063954983e+19 5.4617538336e-04 1
7.6442227425e-05 1.5014523584e+04 2.5971140853e-16 1.7496169797e+19 5.7212916823e-04 1
7.9432823472e-05 1.4866572624e+04 2.6707531265e-16 8.4704270272e+18 5.9921715021e-04 1
8.2540418527e-05 1.4721206269e+04 2.7466896321e-16 6.3060273831e+18 6.2758764512e-04 1
8.5769589859e-05 1.4587228857e+04 2.8267166708e-16 3.9113137320e+18 6.5700334097e-04 1
8.9125093813e-05 1.4453855213e+04 2.9089759819e-16 3.6350631874e+18 6.8787907885e-04 1
9.2611872813e-05 1.4284146323e+04 2.9853169648e-16 1.6828080170e+19 7.2135807878e-04 1
9.6235062640e-05 1.4127015248e+04 3.0663779028e-16 9.4312481748e+19 7.5638279828e-04 1
1.0000000000e-04 1.3977697983e+04 3.1510234524e-16 3.2283062143e+19 7.9291091217e-04 1
1.0391223038e-04 1.3835424244e+04 3.2392943766e-16 8.3515635505e+18 8.3102289166e-04 1
1.0797751623e-04 1.3694428800e+04 3.3300124124e-16 7.0215467218e+18 8.7105120638e-04 1
1.1220184543e-04 1.3559151855e+04 3.4243789429e-16 4.6967872526e+18 9.1288310683e-04 1
1.1659144012e-04 1.3425909091e+04 3.5215996361e-16 4.3183957389e+18 9.5676291091e-04 1
1.2115276586e-04 1.3298392664e+04 3.6228090064e-16 3.2178768942e+18 1.0026085707e-03 1
1.2589254118e-04 1.3161395971e+04 3.7234365703e-16 2.8771188206e+19 1.0510068510e-03 1
1.3081774743e-04 1.3012330051e+04 3.8233549263e-16 0.0000000000e+00 1.1030735717e-03 1
1.3593563909e-04 1.2883108527e+04 3.9315352568e-16 9.6647240532e+18 1.1566412127e-03 1
1.4125375446e-04 1.2756140225e+04 4.0431071903e-16 9.3555698702e+18 1.2128818734e-03 1
1.4677992676e-04 1.2635047623e+04 4.1594067436e-16 5.1950479472e+18 1.2716757682e-03 1
1.5252229565e-04 1.2515315518e+04 4.2791355854e-16 4.9815421305e+18 1.3334580018e-03 1
1.5848931925e-04 1.2400413759e+04 4.4036659397e-16 3.7542153491e+18 1.3981277998e-03 1
1.6468978655e-04 1.2286742351e+04 4.5319073308e-16 4.1276276539e+18 1.4661120218e-03 1
1.7113283042e-04 1.2178619943e+04 4.6656402780e-16 3.1219851514e+18 1.5371952055e-03 1
1.7782794100e-04 1.2075784979e+04 4.8050691200e-16 1.9556849070e+18 1.6115227323e-03 1
1.8478497974e-04 1.1950911557e+04 4.9386332395e-16 0.0000000000e+00 1.6915295342e-03 1
1.9201419386e-04 1.1832037123e+04 5.0785242932e-16 0.0000000000e+00 1.7758292818e-03 1
1.9952623150e-04 1.1718735970e+04 5.2243768370e-16 1.2310053674e+19 1.8641230138e-03 1
2.0733215735e-04 1.1607105395e+04 5.3747216036e-16 8.8047811721e+18 1.9570644031e-03 1
2.1544346900e-04 1.1509266466e+04 5.5355836828e-16 4.6796993106e+18 2.0533435483e-03 1
2.2387211386e-04 1.1415701815e+04 5.7030288136e-16 3.6950676819e+18 2.1542775389e-03 1
2.3263050672e-04 1.1323329327e+04 5.8757917871e-16 4.4612745950e+18 2.2605286829e-03 1
2.4173154808e-04 1.1235507922e+04 6.0558651698e-16 3.3836218735e+18 2.3718735295e-03 1
2.5118864315e-04 1.1152551775e+04 6.2438491766e-16 1.8584818145e+18 2.4885223393e-03 1
2.6101572157e-04 1.1070121502e+04 6.4376601897e-16 1.5499864683e+18 2.6114800388e-03 1
2.7122725793e-04 1.0992366196e+04 6.6399688210e-16 1.0598542697e+18 2.7403552528e-03 1
2.8183829313e-04 1.0894015611e+04 6.8346962444e-16 6.4238226023e+18 2.8795417191e-03 1
2.9286445646e-04 1.0804633262e+04 7.0411237934e-16 4.3476333945e+18 3.0256776919e-03 1
3.0432198871e-04 1.0716567578e+04 7.2542104243e-16 5.1696012550e+18 3.1798697642e-03 1
3.1622776602e-04 1.0629450775e+04 7.4739268801e-16 0.0000000000e+00 3.3426911147e-03 1
3.2859932476e-04 1.0546935527e+04 7.7031795098e-16 0.0000000000e+00 3.5138012713e-03 1
3.4145488738e-04 1.0480582263e+04 7.9513156283e-16 4.2460740431e+18 3.6906129216e-03 1
3.5481338923e-04 1.0418030656e+04 8.2101425269e-16 2.2864702263e+18 3.8764794536e-03 1
3.6869450645e-04 1.0356143466e+04 8.4776563401e-16 1.9571614141e+18 4.0727742624e-03 1
3.8311868496e-04 1.0294647510e+04 8.7538950331e-16 2.4611812344e+18 4.2802367867e-03 1
3.9810717055e-04 1.0237331693e+04 9.0425285721e-16 1.7129564446e+18 4.4984152635e-03 1
4.1368204024e-04 1.0179717802e+04 9.3401337650e-16 2.0086571624e+18 4.7294275735e-03 1
4.2986623471e-04 1.0126652635e+04 9.6515597076e-16 1.2505540745e+18 4.9723969632e-03 1
4.4668359215e-04 1.0073849653e+04 9.9733561853e-16 1.0877684319e+18 5.2296168121e-03 1
4.6415888336e-04 1.0021225770e+04 1.0305750652e-15 1.2200163983e+18 5.5020942278e-03 1
4.8231784822e-04 9.9987513990e+03 1.0681181845e-15 0.0000000000e+00 5.7777622454e-03 1
5.0118723363e-04 9.9985947554e+03 1.1094986143e-15 0.0000000000e+00 6.0591896133e-03 1
5.2079483286e-04 9.9993409904e+03 1.1527570027e-15 4.2223238230e+16 6.3590631794e-03 1
5.4116952655e-04 1.0000268916e+04 1.1975391340e-15 2.9109205984e+16 6.6733631717e-03 1
5.6234132519e-04 1.0000336534e+04 1.2439520260e-15 2.1887485380e+16 7.0065336780e-03 1
5.8434141337e-04 1.0001136067e+04 1.2922510703e-15 1.7278814429e+16 7.3589731850e-03 1
6.0720219569e-04 9.9982176685e+03 1.3419130091e-15 0.0000000000e+00 7.7346054131e-03 1
6.3095734448e-04 9.9992045630e+03 1.3940174121e-15 1.1936563984e+16 8.1305610188e-03 1
6.5564184942e-04 9.9998900662e+03 1.4480947968e-15 1.0174518836e+16 8.5510054001e-03 1
6.8129206906e-04 1.0007381957e+04 1.5056337464e-15 8.6579123797e+15 8.9987640895e-03 1
7.0794578438e-04 9.9995283974e+03 1.5626766380e-15 7.7030007425e+15 9.4795730863e-03 1
7.3564225446e-04 1.0000807833e+04 1.6233516581e-15 6.7918847570e+15 9.9841892865e-03 1
7.6442227425e-04 9.9983401208e+03 1.6857270819e-15 6.0714541095e+15 1.0524258892e-02 1
7.9432823472e-04 9.9998929744e+03 1.7511721030e-15 5.4270572382e+15 1.1095944102e-02 1
8.2540418527e-04 1.0001713607e+04 1.8191774347e-15 4.8771783720e+15 1.1704983049e-02 1
8.5769589859e-04 9.9997086402e+03 1.8890682149e-15 4.4634774478e+15 1.2358360493e-02 1
8.9125093813e-04 1.0001622290e+04 1.9623701428e-15 4.0848519350e+15 1.3051852233e-02 1
9.2611872813e-04 9.9995696519e+03 2.0376645302e-15 3.7668171801e+15 1.3797133261e-02 1
9.6235062640e-04 1.0001319133e+04 2.1166048447e-15 3.4660839134e+15 1.4589851950e-02 1
1.0000000000e-03 9.9998364090e+03 2.1978190692e-15 3.2082222000e+15 1.5441914416e-02 1
1.0391223038e-03 1.0001744109e+04 2.2828805284e-15 2.9641381670e+15 1.6350764700e-02 1
1.0797751623e-03 1.0000020331e+04 2.3702636072e-15 2.7542445289e+15 1.7329523069e-02 1
1.1220184543e-03 1.0000172494e+04 2.4613791734e-15 2.5581700111e+15 1.8377463551e-02 1
1.1659144012e-03 1.0000694482e+04 2.5559824327e-15 2.3787220347e+15 1.9502265203e-02 1
1.2115276586e-03 1.0001492760e+04 2.6541913167e-15 2.2142413902e+15 2.0711249807e-02 1
1.2589254118e-03 1.0001078455e+04 2.7548440954e-15 2.0687591923e+15 2.1994550443e-02 1
1.3081774743e-03 1.0000226632e+04 2.8598877405e-15 1.9331465540e+15 2.3396628342e-02 1
1.3593563909e-03 9.9998416053e+03 2.9689062302e-15 1.8033447567e+15 2.4907339552e-02 1
1.4125375446e-03 1.0000186416e+04 3.0820924677e-15 1.6821215762e+15 2.6535505991e-02 1
1.4677992676e-03 1.0001116072e+04 3.1995555693e-15 1.5698688778e+15 2.8292558952e-02 1
1.5252229565e-03 1.0000660562e+04 3.3219742829e-15 1.4661078027e+15 3.0226704578e-02 1
1.5848931925e-03 1.0001174845e+04 3.4466023375e-15 1.3730435278e+15 3.2251036221e-02 1
1.6468978655e-03 1.0000539848e+04 3.5764776645e-15 1.2862022812e+15 3.4481448079e-02 1
1.7113283042e-03 1.0000717990e+04 3.7111333532e-15 1.2049473194e+15 3.6895877853e-02 1
1.7782794100e-03 1.0000964853e+04 3.8504597170e-15 1.1294506088e+15 3.9515514915e-02 1
1.8478497974e-03 9.9988470392e+03 3.9935600741e-15 1.0610805548e+15 4.2368485918e-02 1
1.9201419386e-03 1.0000907304e+04 4.1431334327e-15 9.9436265483e+14 4.5452739889e-02 1
1.9952623150e-03 1.0001267995e+04 4.2969092943e-15 9.3340659091e+14 4.8813473053e-02 1
2.0733215735e-03 9.9984001754e+03 4.4541718833e-15 8.7847886796e+14 5.2485098650e-02 1
2.1544346900e-03 1.0000814115e+04 4.6187751087e-15 8.2135681458e+14 5.6458253534e-02 1
2.2387211386e-03 1.0001782927e+04 4.7878047797e-15 7.6849554555e+14 6.0795615194e-02 1
2.3263050672e-03 9.9985051387e+03 4.9593780981e-15 7.2153663417e+14 6.5533793499e-02 1
2.4173154808e-03 9.9987869901e+03 5.1381778135e-15 6.7596566081e+14 7.0700982795e-02 1
2.5118864315e-03 9.9998851137e+03 5.3211530341e-15 6.3368282170e+14 7.6281854921e-02 1
2.6101572157e-03 1.0000072218e+04 5.5102221103e-15 5.9401329789e+14 8.2452581609e-02 1
2.7122725793e-03 1.0001075231e+04 5.7038458208e-15 5.5698027920e+14 8.9150052542e-02 1
2.8183829313e-03 1.0001294398e+04 5.9024972425e-15 5.2244940562e+14 9.6507139311e-02 1
2.9286445646e-03 1.0001164631e+04 6.1042846212e-15 4.9059121278e+14 1.0448678248e-01 1
3.0432198871e-03 1.0000681588e+04 6.3098947559e-15 4.6093234824e+14 1.1319141981e-01 1
3.1622776602e-03 9.9989711305e+03 6.5182274754e-15 4.3355791712e+14 1.2268209142e-01 1
3.2859932476e-03 9.9995139995e+03 6.7328537716e-15 4.0718085042e+14 1.3307712364e-01 1
3.4145488738e-03 1.0001719187e+04 6.9495413195e-15 3.8174383627e+14 1.4424015438e-01 1
3.5481338923e-03 9.9988899065e+03 7.1661628047e-15 0.0000000000e+00 1.5651112163e-01 1
3.6869450645e-03 9.9996124018e+03 7.3889911620e-15 3.3645683924e+14 1.6990166608e-01 1
3.8311868496e-03 1.0001572932e+04 7.6152609894e-15 3.1547144170e+14 1.8447843993e-01 1
3.9810717055e-03 9.9998955347e+03 7.8360663212e-15 2.9701240513e+14 2.0007528431e-01 1
4.1368204024e-03 1.0000600143e+04 8.0609708966e-15 2.7902961181e+14 2.1682769391e-01 1
4.2986623471e-03 9.9999530775e+03 8.2787233220e-15 2.6368776984e+14 2.3493257395e-01 1
4.4668359215e-03 1.0001502093e+04 8.5061391823e-15 2.4782917625e+14 2.5465541759e-01 1
4.6415888336e-03 1.0000654428e+04 8.7190513355e-15 2.3492844160e+14 2.7545952584e-01 1
4.8231784822e-03 1.0000296050e+04 8.9342663852e-15 2.2237831379e+14 2.9785130030e-01 1
5.0118723363e-03 1.0000493861e+04 9.1506095556e-15 2.1007149262e+14 3.2145676361e-01 1
5.2079483286e-03 1.0001004224e+04 9.3559009329e-15 1.9986595867e+14 3.4644865356e-01 1
5.4116952655e-03 1.0001837430e+04 9.5510235937e-15 1.9110894095e+14 3.7262665756e-01 1
5.6234132519e-03 9.9994049107e+03 9.7443277155e-15 0.0000000000e+00 4.0036376636e-01 1
5.8434141337e-03 1.0001545158e+04 9.9375434860e-15 1.7489214352e+14 4.2916870251e-01 1
6.0720219569e-03 1.0000733353e+04 1.0118012141e-14 1.6856153366e+14 4.5847730164e-01 1
6.3095734448e-03 9.9990176668e+03 1.0300658782e-14 1.6242245890e+14 4.8873218251e-01 1
6.5564184942e-03 9.9984722165e+03 1.0471753718e-14 1.5800901357e+14 5.1955387500e-01 1
6.8129206906e-03 1.0001323098e+04 1.0639620901e-14 1.5462851455e+14 5.5060863810e-01 1
7.0794578438e-03 1.0001124089e+04 1.0812346776e-14 1.5139424420e+14 5.8169140321e-01 1
7.3564225446e-03 1.0001380280e+04 1.0980102120e-14 1.4957640627e+14 6.1255714682e-01 1
7.6442227425e-03 9.9986116050e+03 1.1141730690e-14 0.0000000000e+00 6.4331831230e-01 1
7.9432823472e-03 1.0001118133e+04 1.1320462325e-14 1.4901094569e+14 6.7252607766e-01 1
8.2540418527e-03 9.9984811939e+03 1.1500543838e-14 1.5004359074e+14 7.0112385649e-01 1
8.5769589859e-03 9.9994323000e+03 1.1689078997e-14 1.5219718602e+14 7.2852053798e-01 1
8.9125093813e-03 9.9997726936e+03 1.1888268622e-14 1.5547852578e+14 7.5454390120e-01 1
9.2611872813e-03 9.9995699755e+03 1.2100703337e-14 1.5994781761e+14 7.7905178893e-01 1
9.6235062640e-03 9.9984566815e+03 1.2333973372e-14 1.6524206124e+14 8.0195311988e-01 1
1.0000000000e-02 9.9997875934e+03 1.2583456479e-14 1.7204398287e+14 8.2312227001e-01 1
1.0391223038e-02 9.9982525658e+03 1.2848487857e-14 1.8060183305e+14 8.4264840134e-01 1
1.0797751623e-02 9.9994596851e+03 1.3139555717e-14 1.9035931177e+14 8.6046126034e-01 1
1.1220184543e-02 9.9985308441e+03 1.3451118901e-14 2.0198777662e+14 8.7666551137e-01 1
1.1659144012e-02 1.0000867321e+04 1.3792344305e-14 2.1498112611e+14 8.9126521305e-01 1
1.2115276586e-02 1.0000197248e+04 1.4161574510e-14 2.2959473405e+14 9.0463645140e-01 1
1.2589254118e-02 9.9999533551e+03 1.4550323807e-14 2.4701350277e+14 9.1632250071e-01 1
1.3081774743e-02 9.9984376488e+03 1.4964803282e-14 2.6697064939e+14 9.2673849528e-01 1
1.3593563909e-02 9.9991335740e+03 1.5410348102e-14 2.8916301283e+14 9.3595047361e-01 1
1.4125375446e-02 9.9625379310e+03 1.5820489575e-14 1.6348213741e+18 9.4444457949e-01 1
1.4677992676e-02 9.9554855838e+03 1.6312313562e-14 3.1280439921e+17 9.5168391828e-01 1
1.5252229565e-02 9.9433884119e+03 1.6824489051e-14 8.7231805999e+17 9.5807532260e-01 1
1.5848931925e-02 9.9340999660e+03 1.7370703636e-14 2.6166491197e+17 9.6363497182e-01 1
1.6468978655e-02 9.9204146669e+03 1.7938566834e-14 2.2802773277e+17 9.6851841532e-01 1
1.7113283042e-02 9.9045203755e+03 1.8531741172e-14 1.6938398287e+17 9.7276413140e-01 1
1.7782794100e-02 9.8716970434e+03 1.9119023776e-14 0.0000000000e+00 9.7629326683e-01 1
1.8478497974e-02 9.8415277696e+03 1.9741857959e-14 0.0000000000e+00 9.7953945176e-01 1
1.9201419386e-02 9.8040444375e+03 2.0377999056e-14 2.8324385370e+18 9.8237720470e-01 1
1.9952623150e-02 9.7518847851e+03 2.1010072530e-14 8.7218899701e+18 9.8487016677e-01 1
2.0733215735e-02 9.6858247521e+03 2.1636993557e-14 1.2563131054e+18 9.8706593378e-01 1
2.1544346900e-02 9.6030198045e+03 2.2249053881e-14 3.1689711724e+17 9.8886978588e-01 1
2.2387211386e-02 9.4695255229e+03 2.2757552385e-14 2.6792236927e+18 9.9059184892e-01 1
2.3263050672e-02 9.2868717344e+03 2.3156657420e-14 1.7337069066e+18 9.9213493786e-01 1
2.4173154808e-02 8.9860553303e+03 2.3250202916e-14 7.4209087443e+18 9.9347440633e-01 1
2.5118864315e-02 8.3919410968e+03 2.2531938708e-14 5.6105867391e+18 9.9482143976e-01 1
2.6101572157e-02 6.6813956593e+03 1.8609944073e-14 2.1445461941e+19 9.9642285493e-01 1
2.7122725793e-02 5.0031404378e+03 1.4462129937e-14 2.2188180679e+19 9.9765877288e-01 1
2.8183829313e-02 4.0482165698e+03 1.2150918036e-14 1.9180277592e+19 9.9835304016e-01 1
2.9286445646e-02 3.4283347427e+03 1.0688069041e-14 5.8997080052e+18 9.9879611033e-01 1
3.0432198871e-02 2.9908123462e+03 9.6858800544e-15 1.8619859345e+18 9.9909436393e-01 1
3.1622776602e-02 2.6596909544e+03 8.9485554979e-15 7.0462607618e+20 9.9929943615e-01 1
3.2859932476e-02 2.4037588235e+03 8.4025315055e-15 5.3350474828e+19 9.9945220604e-01 1
3.4145488738e-02 2.1995682289e+03 7.9886172803e-15 1.3836085247e+18 9.9957026188e-01 1
3.5481338923e-02 2.0286439641e+03 7.6553826003e-15 2.0153647503e+19 9.9965602585e-01 1
3.6869450645e-02 1.8868812680e+03 7.3984653825e-15 2.2400556694e+18 9.9972519908e-01 1
3.8311868496e-02 1.7648270133e+03 7.1902137445e-15 7.2885454751e+18 9.9977754884e-01 1
3.9810717055e-02 1.6597401176e+03 7.0263117970e-15 2.7952506427e+18 9.9982037493e-01 1
4.1368204024e-02 1.5673125997e+03 6.8943681648e-15 3.5777347125e+18 9.9985397721e-01 1
4.2986623471e-02 1.4862656366e+03 6.7934414920e-15 8.1302335230e+17 9.9988109006e-01 1
4.4668359215e-02 1.4122844870e+03 6.7076817277e-15 8.5045358918e+18 9.9990216971e-01 1
4.6415888336e-02 1.3461200854e+03 6.6434367859e-15 0.0000000000e+00 9.9991972009e-01 1
4.8231784822e-02 1.2865130741e+03 6.5975614694e-15 0.0000000000e+00 9.9993400424e-01 1
5.0118723363e-02 1.2328842456e+03 6.5698126415e-15 5.2027833924e+17 9.9994596453e-01 1
5.2079483286e-02 1.1817604960e+03 6.5436868369e-15 0.0000000000e+00 9.9995523031e-01 1
5.4116952655e-02 1.1363156761e+03 6.5381547729e-15 4.7607665615e+17 9.9996310839e-01 1
5.6234132519e-02 1.0927042159e+03 6.5331492769e-15 2.2783374113e+18 9.9996929912e-01 1
5.8434141337e-02 1.0524597955e+03 6.5386750946e-15 0.0000000000e+00 9.9997459701e-01 1
6.0720219569e-02 1.0152071513e+03 6.5539573690e-15 8.4557751326e+18 9.9997895198e-01 1
6.3095734448e-02 9.8039235797e+02 6.5767889009e-15 9.5389354944e+17 9.9998252258e-01 1
6.5564184942e-02 9.4757785708e+02 6.6053252534e-15 5.4851502446e+17 9.9998549716e-01 1
6.8129206906e-02 9.1637879367e+02 6.6377345539e-15 6.3321706375e+17 9.9998796324e-01 1
7.0794578438e-02 8.8731126729e+02 6.6786176989e-15 2.9310841500e+17 9.9998999476e-01 1
7.3564225446e-02 8.5861780603e+02 6.7154692530e-15 0.0000000000e+00 9.9999162507e-01 1
7.6442227425e-02 8.3224535087e+02 6.7638485047e-15 0.0000000000e+00 9.9999303443e-01 1
7.9432823472e-02 8.0740092352e+02 6.8186415747e-15 4.9311622343e+17 9.9999421019e-01 1
8.2540418527e-02 7.8320731512e+02 6.8730826589e-15 1.0954337756e+18 9.9999516183e-01 1
8.5769589859e-02 7.6043478393e+02 6.9343074153e-15 5.0367630082e+17 9.9999596818e-01 1
8.9125093813e-02 7.3894680001e+02 7.0019762801e-15 1.8723986035e+17 9.9999663996e-01 1
9.2611872813e-02 7.1731797815e+02 7.0629408632e-15 8.9335566683e+18 9.9999717613e-01 1
9.6235062640e-02 6.9720024993e+02 7.1334204596e-15 0.0000000000e+00 9.9999764440e-01 1
1.0000000000e-01 6.7803130837e+02 7.2086925906e-15 1.4796602035e+18 9.9999802979e-01 1
1.0391223038e-01 6.5958636589e+02 7.2869354792e-15 8.0794125046e+17 9.9999835458e-01 1
1.0797751623e-01 6.4180253635e+02 7.3678572472e-15 8.2635470493e+17 9.9999862600e-01 1
1.1220184543e-01 6.2482241960e+02 7.4535456683e-15 3.7566573409e+17 9.9999885210e-01 1
1.1659144012e-01 6.0865041064e+02 7.5446793431e-15 1.5518817403e+17 9.9999904083e-01 1
1.2115276586e-01 5.9224028060e+02 7.6284688068e-15 0.0000000000e+00 9.9999919267e-01 1
1.2589254118e-01 5.7701525464e+02 7.7231292799e-15 2.0932370521e+21 9.9999932504e-01 1
1.3081774743e-01 5.6228233039e+02 7.8203651478e-15 2.6050917408e+19 9.9999943439e-01 1
1.3593563909e-01 5.4808205714e+02 7.9210868017e-15 2.7339976269e+18 9.9999952674e-01 1
1.4125375446e-01 5.3434647275e+02 8.0246986526e-15 3.4460877811e+18 9.9999960408e-01 1
1.4677992676e-01 5.2117493240e+02 8.1330961500e-15 4.9622963497e+17 9.9999966866e-01 1
1.5252229565e-01 5.0856167460e+02 8.2467460706e-15 1.6149980267e+17 9.9999972268e-01 1
1.5848931925e-01 4.9587257674e+02 8.3555624891e-15 2.6613059529e+18 9.9999976613e-01 1
1.6468978655e-01 4.8383091559e+02 8.4716074723e-15 0.0000000000e+00 9.9999980407e-01 1
1.7113283042e-01 4.7239619911e+02 8.5949868227e-15 3.2839357082e+17 9.9999983581e-01 1
1.7782794100e-01 4.6108667325e+02 8.7174206177e-15 8.3897532049e+17 9.9999986229e-01 1
1.8478497974e-01 4.5029433494e+02 8.8464397917e-15 2.9666212767e+17 9.9999988453e-01 1
1.9201419386e-01 4.3973894606e+02 8.9770487774e-15 3.4791806101e+17 9.9999990328e-01 1
1.9952623150e-01 4.2972051872e+02 9.1157279687e-15 1.1773021781e+17 9.9999991891e-01 1
2.0733215735e-01 4.1948841889e+02 9.2468081806e-15 0.0000000000e+00 9.9999993159e-01 1
2.1544346900e-01 4.1001496137e+02 9.3915697144e-15 5.4030269904e+17 9.9999994257e-01 1
2.2387211386e-01 4.0073231422e+02 9.5380469132e-15 4.1825240227e+17 9.9999995181e-01 1
2.3263050672e-01 3.9168531701e+02 9.6874391373e-15 7.3225239961e+17 9.9999995958e-01 1
2.4173154808e-01 3.8307389651e+02 9.8451165044e-15 1.5030013630e+17 9.9999996611e-01 1
2.5118864315e-01 3.7449700005e+02 1.0001226098e-14 2.9897782418e+17 9.9999997152e-01 1
2.6101572157e-01 3.6634594809e+02 1.0166299411e-14 1.3867806943e+17 9.9999997611e-01 1
2.7122725793e-01 3.5849438514e+02 1.0337617559e-14 7.0858380933e+16 9.9999997994e-01 1
2.8183829313e-01 3.5043692118e+02 1.0500610590e-14 1.0782364842e+18 9.9999998303e-01 1
2.9286445646e-01 3.4295194271e+02 1.0678360017e-14 2.6838088556e+17 9.9999998574e-01 1
3.0432198871e-01 3.3559813203e+02 1.0858189518e-14 4.2477606991e+17 9.9999998803e-01 1
3.1622776602e-01 3.2850578438e+02 1.1044536455e-14 2.6712401258e+17 9.9999998994e-01 1
3.2859932476e-01 3.2158888502e+02 1.1234974427e-14 2.6540380477e+17 9.9999999156e-01 1
3.4145488738e-01 3.1501465437e+02 1.1435848709e-14 7.8386575574e+16 9.9999999291e-01 1
3.5481338923e-01 3.0828751381e+02 1.1629476285e-14 1.0174857836e+18 9.9999999400e-01 1
3.6869450645e-01 3.0191630760e+02 1.1834703207e-14 0.0000000000e+00 9.9999999496e-01 1
3.8311868496e-01 2.9577623345e+02 1.2047603031e-14 4.7803628126e+17 9.9999999576e-01 1
3.9810717055e-01 2.8979675722e+02 1.2265844895e-14 2.4245609555e+17 9.9999999643e-01 1
4.1368204024e-01 2.8396251493e+02 1.2489111122e-14 2.0252091220e+17 9.9999999700e-01 1
4.2986623471e-01 2.7833713066e+02 1.2720618502e-14 1.0131130115e+17 9.9999999747e-01 1
4.4668359215e-01 2.7281256310e+02 1.2955912618e-14 9.1731464289e+16 9.9999999788e-01 1
4.6415888336e-01 2.6757078779e+02 1.3204102992e-14 4.2027427508e+16 9.9999999822e-01 1
4.8231784822e-01 2.6209615982e+02 1.3439942593e-14 2.7961415077e+17 9.9999999849e-01 1
5.0118723363e-01 2.5698777456e+02 1.3693541127e-14 3.0689654874e+17 9.9999999873e-01 1
5.2079483286e-01 2.5205055853e+02 1.3955889410e-14 1.4960215499e+17 9.9999999893e-01 1
5.4116952655e-01 2.4720992421e+02 1.4223363205e-14 1.4141155707e+17 9.9999999910e-01 1
5.6234132519e-01 2.4254000134e+02 1.4500611439e-14 7.9951235130e+16 9.9999999924e-01 1
5.8434141337e-01 2.3805022612e+02 1.4788975065e-14 3.9711586011e+16 9.9999999936e-01 1
6.0720219569e-01 2.3333599087e+02 1.5063217060e-14 0.0000000000e+00 9.9999999946e-01 1
6.3095734448e-01 2.2919892141e+02 1.5374999369e-14 3.6593530407e+16 9.9999999955e-01 1
6.5564184942e-01 2.2468539020e+02 1.5661879747e-14 0.0000000000e+00 9.9999999962e-01 1
6.8129206906e-01 2.2052925222e+02 1.5973562068e-14 0.0000000000e+00 9.9999999968e-01 1
7.0794578438e-01 2.1652595058e+02 1.6297164066e-14 2.7459823896e+17 9.9999999973e-01 1
7.3564225446e-01 2.1257774100e+02 1.6625946553e-14 1.7986758447e+17 9.9999999977e-01 1
7.6442227425e-01 2.0875411564e+02 1.6965635959e-14 8.1058684013e+16 9.9999999981e-01 1
7.9432823472e-01 2.0500851442e+02 1.7313046498e-14 5.6146136251e+16 9.9999999984e-01 1
8.2540418527e-01 2.0140393581e+02 1.7674048684e-14 3.0705555759e+16 9.9999999986e-01 1
8.5769589859e-01 1.9758367994e+02 1.8017131154e-14 0.0000000000e+00 9.9999999988e-01 1
8.9125093813e-01 1.9411375330e+02 1.8393202882e-14 1.2377816760e+17 9.9999999990e-01 1
9.2611872813e-01 1.9064226369e+02 1.8770969948e-14 2.1449583088e+17 9.9999999992e-01 1
9.6235062640e-01 1.8727746908e+02 1.9161059932e-14 1.3871916490e+17 9.9999999993e-01 1
1.0000000000e+00 1.8401848663e+02 1.9564192069e-14 5.9362349937e+16 9.9999999994e-01 1
1.0391223038e+00 1.8085199871e+02 1.9979737347e-14 3.1013270729e+16 9.9999999995e-01 1
1.0797751623e+00 1.7750794859e+02 2.0377464619e-14 0.0000000000e+00 9.9999999996e-01 1
1.1220184543e+00 1.7444939543e+02 2.0809786199e-14 1.1632964232e+17 9.9999999996e-01 1
1.1659144012e+00 1.7134879916e+02 2.1239530384e-14 0.0000000000e+00 9.9999999997e-01 1
1.2115276586e+00 1.6837616841e+02 2.1687528143e-14 3.9296623995e+17 9.9999999997e-01 1
1.2589254118e+00 1.6544381209e+02 2.2143456887e-14 2.2961347272e+17 9.9999999998e-01 1
1.3081774743e+00 1.6254971651e+02 2.2607181625e-14 3.7046256840e+17 9.9999999998e-01 1
1.3593563909e+00 1.5977510188e+02 2.3090560578e-14 5.1254074743e+16 9.9999999998e-01 1
1.4125375446e+00 1.5698524065e+02 2.3574862794e-14 4.9627075069e+16 9.9999999999e-01 1
1.4677992676e+00 1.5430042092e+02 2.4078102101e-14 2.6331639945e+16 9.9999999999e-01 1
1.5252229565e+00 1.5161794284e+02 2.4585004874e-14 2.2290802418e+16 9.9999999999e-01 1
1.5848931925e+00 1.4883031345e+02 2.5076987208e-14 1.5034106176e+17 9.9999999999e-01 1
1.6468978655e+00 1.4618389346e+02 2.5594549559e-14 0.0000000000e+00 9.9999999999e-01 1
1.7113283042e+00 1.4365453783e+02 2.6135513017e-14 6.3079540477e+16 9.9999999999e-01 1
1.7782794100e+00 1.4110885690e+02 2.6676527253e-14 6.0395624332e+16 1.0000000000e+00 1
1.8478497974e+00 1.3867207452e+02 2.7241248390e-14 2.2576092238e+16 1.0000000000e+00 1
1.9201419386e+00 1.3605572441e+02 2.7772643812e-14 0.0000000000e+00 1.0000000000e+00 1
1.9952623150e+00 1.3375802398e+02 2.8371501510e-14 1.9095374499e+16 1.0000000000e+00 1
2.0733215735e+00 1.3121666606e+02 2.8920966168e-14 2.7619357184e+17 1.0000000000e+00 1
2.1544346900e+00 1.2884871698e+02 2.9509691830e-14 8.2982358376e+16 1.0000000000e+00 1
2.2387211386e+00 1.2648494161e+02 3.0101174064e-14 9.4599688850e+16 1.0000000000e+00 1
2.3263050672e+00 1.2415198475e+02 3.0701351899e-14 9.4380971350e+16 1.0000000000e+00 1
2.4173154808e+00 1.2187365708e+02 3.1316413238e-14 4.1501430240e+16 1.0000000000e+00 1
2.5118864315e+00 1.1962555482e+02 3.1940628446e-14 2.4442166532e+16 1.0000000000e+00 1
2.6101572157e+00 1.1727257734e+02 3.2536580781e-14 0.0000000000e+00 1.0000000000e+00 1
2.7122725793e+00 1.1507546732e+02 3.3175159947e-14 1.1424504128e+17 1.0000000000e+00 1
2.8183829313e+00 1.1284713693e+02 3.3804465112e-14 0.0000000000e+00 1.0000000000e+00 1
2.9286445646e+00 1.1069018161e+02 3.4454368429e-14 1.0102057454e+17 1.0000000000e+00 1
3.0432198871e+00 1.0854112164e+02 3.5105829875e-14 6.7090133183e+16 1.0000000000e+00 1
3.1622776602e+00 1.0646202275e+02 3.5778935361e-14 2.0114208270e+16 1.0000000000e+00 1
3.2859932476e+00 1.0428848016e+02 3.6417823898e-14 1.3169475900e+17 1.0000000000e+00 1
3.4145488738e+00 1.0221079224e+02 3.7086587168e-14 8.6247747040e+16 1.0000000000e+00 1
3.5481338923e+00 1.0013741835e+02 3.7753375833e-14 1.5602091882e+18 1.0000000000e+00 1
3.6869450645e+00 9.8133866522e+01 3.8442740943e-14 4.3827855466e+16 1.0000000000e+00 1
3.8311868496e+00 9.6187467460e+01 3.9151308046e-14 1.3847627813e+16 1.0000000000e+00 1
3.9810717055e+00 9.4118937695e+01 3.9804459175e-14 2.4664794173e+18 1.0000000000e+00 1
4.1368204024e+00 9.2169009364e+01 4.0500663685e-14 3.8671080792e+17 1.0000000000e+00 1
4.2986623471e+00 9.0233120904e+01 4.1196462084e-14 0.0000000000e+00 1.0000000000e+00 1
4.4668359215e+00 8.8343353407e+01 4.1906204269e-14 0.0000000000e+00 1.0000000000e+00 1
4.6415888336e+00 8.6494773545e+01 4.2628277656e-14 6.3975511932e+16 1.0000000000e+00 1
4.8231784822e+00 8.4674122794e+01 4.3356480342e-14 3.0135174310e+16 1.0000000000e+00 1
5.0118723363e+00 8.2825899027e+01 4.4061044238e-14 0.0000000000e+00 1.0000000000e+00 1
5.2079483286e+00 8.1071308396e+01 4.4805552818e-14 1.2719814994e+17 1.0000000000e+00 1
5.4116952655e+00 7.9323943930e+01 4.5544184803e-14 3.8286215537e+18 1.0000000000e+00 1
5.6234132519e+00 7.7640895585e+01 4.6309585748e-14 3.0220696725e+16 1.0000000000e+00 1
5.8434141337e+00 7.5962094805e+01 4.7066693240e-14 3.5647427630e+16 1.0000000000e+00 1
6.0720219569e+00 7.4371913860e+01 4.7868248369e-14 9.7999708663e+15 1.0000000000e+00 1
6.3095734448e+00 7.2693975201e+01 4.8599974238e-14 0.0000000000e+00 1.0000000000e+00 1
6.5564184942e+00 7.1140589525e+01 4.9401117823e-14 5.5345888175e+16 1.0000000000e+00 1
6.8129206906e+00 6.9609763276e+01 5.0205075762e-14 4.4845741117e+16 1.0000000000e+00 1
7.0794578438e+00 6.8132644694e+01 5.1034779150e-14 1.7063467850e+16 1.0000000000e+00 1
7.3564225446e+00 6.6709499919e+01 5.1892558814e-14 7.5570870597e+15 1.0000000000e+00 1
7.6442227425e+00 6.5228173736e+01 5.2689045008e-14 4.8805659488e+16 1.0000000000e+00 1
7.9432823472e+00 6.3830724928e+01 5.3536522773e-14 0.0000000000e+00 1.0000000000e+00 1
8.2540418527e+00 6.2483666231e+01 5.4410656892e-14 1.2786425016e+18 1.0000000000e+00 1
8.5769589859e+00 6.1187849886e+01 5.5314376052e-14 2.4942702962e+16 1.0000000000e+00 1
8.9125093813e+00 5.9917847392e+01 5.6225772473e-14 1.7769814451e+16 1.0000000000e+00 1
9.2611872813e+00 5.8703561705e+01 5.7174245817e-14 7.9177543032e+15 1.0000000000e+00 1
9.6235062640e+00 5.7452263209e+01 5.8067073179e-14 0.0000000000e+00 1.0000000000e+00 1
1.0000000000e+01 5.6296289400e+01 5.9038532934e-14 3.2971519577e+16 1.0000000000e+00 1
1.0391223038e+01 5.5171466138e+01 6.0025184403e-14 1.7812504360e+16 1.0000000000e+00 1
1.0797751623e+01 5.4072809601e+01 6.1021623720e-14 1.7637703994e+16 1.0000000000e+00 1
1.1220184543e+01 5.3041956095e+01 6.2078056019e-14 5.6101172287e+15 1.0000000000e+00 1
1.1659144012e+01 5.1958564361e+01 6.3048530088e-14 0.0000000000e+00 1.0000000000e+00 1
1.2115276586e+01 5.0957620723e+01 6.4098125153e-14 0.0000000000e+00 1.0000000000e+00 1
1.2589254118e+01 5.0007267024e+01 6.5191840606e-14 2.0917630126e+16 1.0000000000e+00 1
1.3081774743e+01 4.9083235367e+01 6.6299146687e-14 9.6260614095e+15 1.0000000000e+00 1
1.3593563909e+01 4.8185517462e+01 6.7420200115e-14 6.7126262197e+15 1.0000000000e+00 1
1.4125375446e+01 4.7281961446e+01 6.8505747920e-14 4.0167652977e+16 1.0000000000e+00 1
1.4677992676e+01 4.6424846693e+01 6.9633993168e-14 0.0000000000e+00 1.0000000000e+00 1
1.5252229565e+01 4.5613711701e+01 7.0808485817e-14 2.6029640381e+16 1.0000000000e+00 1
1.5848931925e+01 4.4823932901e+01 7.1991222835e-14 1.4044582484e+16 1.0000000000e+00 1
1.6468978655e+01 4.4065215553e+01 7.3199858874e-14 7.0570646552e+15 1.0000000000e+00 1
1.7113283042e+01 4.3333343663e+01 7.4428936103e-14 4.2724389461e+15 1.0000000000e+00 1
1.7782794100e+01 4.2576511474e+01 7.5579189009e-14 1.4118805493e+18 1.0000000000e+00 1
1.8478497974e+01 4.1877212467e+01 7.6808340019e-14 0.0000000000e+00 1.0000000000e+00 1
1.9201419386e+01 4.1214516321e+01 7.8081759930e-14 1.0561274204e+16 1.0000000000e+00 1
1.9952623150e+01 4.0560928405e+01 7.9344327415e-14 9.0810157838e+15 1.0000000000e+00 1
2.0733215735e+01 3.9940502307e+01 8.0649358957e-14 4.2567337657e+15 1.0000000000e+00 1
2.1544346900e+01 3.9299837310e+01 8.0334004052e-14 5.9908759534e+16 1.0000000000e+00 1
2.2387211386e+01 3.8707981029e+01 8.1341191831e-14 1.7617438510e+16 1.0000000000e+00 1
2.3263050672e+01 3.8150658542e+01 8.2363039352e-14 3.7375125159e+15 1.0000000000e+00 1
2.4173154808e+01 3.7559314978e+01 8.3217158681e-14 0.0000000000e+00 1.0000000000e+00 1
2.5118864315e+01 3.7024030980e+01 8.4145866622e-14 2.4014759180e+16 1.0000000000e+00 1
2.6101572157e+01 3.6495494765e+01 8.5019365289e-14 3.1586778800e+16 1.0000000000e+00 1
2.7122725793e+01 3.6001345156e+01 8.5924389810e-14 3.8557497634e+15 1.0000000000e+00 1
2.8183829313e+01 3.5481275668e+01 8.6683869634e-14 0.0000000000e+00 1.0000000000e+00 1
2.9286445646e+01 3.5009077466e+01 8.7534572821e-14 8.4387565864e+15 1.0000000000e+00 1
3.0432198871e+01 3.4542965836e+01 8.8357434527e-14 5.8338185839e+15 1.0000000000e+00 1
3.1622776602e+01 3.4071585508e+01 8.9123605968e-14 0.0000000000e+00 1.0000000000e+00 1
3.2859932476e+01 3.3630490381e+01 8.9966079251e-14 0.0000000000e+00 1.0000000000e+00 1
3.4145488738e+01 3.3199519821e+01 9.0829970287e-14 0.0000000000e+00 1.0000000000e+00 1
3.5481338923e+01 3.2790507179e+01 9.1770672378e-14 5.8424133965e+15 1.0000000000e+00 1
3.6869450645e+01 3.2388485928e+01 9.2746186354e-14 3.3248472420e+15 1.0000000000e+00 1
3.8311868496e+01 3.2008954984e+01 9.3824793384e-14 1.4728984497e+15 1.0000000000e+00 1
3.9810717055e+01 3.1589032286e+01 9.4774566223e-14 7.1157536281e+16 1.0000000000e+00 1
4.1368204024e+01 3.1213930683e+01 9.5927976283e-14 1.7477740763e+16 1.0000000000e+00 1
4.2986623471e+01 3.0850512624e+01 9.7165695660e-14 6.5951026675e+15 1.0000000000e+00 1
4.4668359215e+01 3.0505466943e+01 9.8520649803e-14 2.0999766642e+15 1.0000000000e+00 1
4.6415888336e+01 3.0137842773e+01 9.9829227077e-14 4.3386204997e+16 1.0000000000e+00 1
4.8231784822e+01 2.9799658154e+01 1.0130825742e-13 1.2033016194e+16 1.0000000000e+00 1
5.0118723363e+01 2.9470945377e+01 1.0288023092e-13 5.5709299560e+15 1.0000000000e+00 1
5.2079483286e+01 2.9151975783e+01 1.0455035136e-13 3.0058075451e+15 1.0000000000e+00 1
5.4116952655e+01 2.8841430613e+01 1.0631701386e-13 1.9327535861e+15 1.0000000000e+00 1
5.6234132519e+01 2.8514059477e+01 1.0806881760e-13 0.0000000000e+00 1.0000000000e+00 1
5.8434141337e+01 2.8212566188e+01 1.1000286839e-13 0.0000000000e+00 1.0000000000e+00 1
6.0720219569e+01 2.7921154302e+01 1.1205368680e-13 2.4562390526e+16 1.0000000000e+00 1
6.3095734448e+01 2.7633128198e+01 1.1419439528e-13 4.0374115789e+16 1.0000000000e+00 1
6.5564184942e+01 2.7356783063e+01 1.1647040331e-13 5.1581675816e+15 1.0000000000e+00 1
6.8129206906e+01 2.6703891727e+01 1.1932178576e-13 0.0000000000e+00 1.0000000000e+00 1
7.0794578438e+01 2.6816864975e+01 1.2357895682e-13 3.1378832849e+15 1.0000000000e+00 1
7.3564225446e+01 2.6562309383e+01 1.2594002196e-13 1.5577750287e+15 1.0000000000e+00 1
7.6442227425e+01 2.6310278031e+01 1.2844368698e-13 1.1760698612e+15 1.0000000000e+00 1
7.9432823472e+01 2.6039835731e+01 1.3096930074e-13 2.6863021207e+16 1.0000000000e+00 1
8.2540418527e+01 2.5790893600e+01 1.3375081225e-13 0.0000000000e+00 1.0000000000e+00 1
8.5769589859e+01 2.5558402997e+01 1.3676515480e-13 4.6388772251e+15 1.0000000000e+00 1
8.9125093813e+01 2.5324271499e+01 1.3990616155e-13 3.9812909933e+15 1.0000000000e+00 1
9.2611872813e+01 2.5092996624e+01 1.4320240785e-13 5.5521574723e+15 1.0000000000e+00 1
9.6235062640e+01 2.4867319129e+01 1.4667351694e-13 7.3026325163e+15 1.0000000000e+00 1
1.0000000000e+02 2.4655390030e+01 1.5037732815e-13 1.8080903282e+15 1.0000000000e+00 1
1.0391223038e+02 2.4452963150e+01 1.5429251399e-13 8.0094120470e+14 1.0000000000e+00 1
1.0797751623e+02 2.4221858910e+01 1.5815558941e-13 6.2806337557e+15 1.0000000000e+00 1
1.1220184543e+02 2.4013692976e+01 1.6232610671e-13 2.1381232590e+16 1.0000000000e+00 1
1.1659144012e+02 2.3809744569e+01 1.6667912872e-13 0.0000000000e+00 1.0000000000e+00 1
1.2115276586e+02 2.3618108750e+01 1.7128134556e-13 3.8757820674e+15 1.0000000000e+00 1
1.2589254118e+02 2.3421956293e+01 1.7600951688e-13 1.1775516693e+16 1.0000000000e+00 1
1.3081774743e+02 2.3229973609e+01 1.8093371393e-13 0.0000000000e+00 1.0000000000e+00 1
1.3593563909e+02 2.3049825942e+01 1.8612428878e-13 4.6239318824e+15 1.0000000000e+00 1
1.4125375446e+02 2.2863326325e+01 1.9143465714e-13 0.0000000000e+00 1.0000000000e+00 1
1.4677992676e+02 2.2688952531e+01 1.9702917902e-13 1.9273046979e+16 1.0000000000e+00 1
1.5252229565e+02 2.2529177582e+01 2.0294498666e-13 1.0139285527e+15 1.0000000000e+00 1
1.5848931925e+02 2.2344952396e+01 2.0882265494e-13 0.0000000000e+00 1.0000000000e+00 1
1.6468978655e+02 2.2182815930e+01 2.1510688466e-13 3.9420025261e+15 1.0000000000e+00 1
1.7113283042e+02 2.2025150960e+01 2.2164211260e-13 1.6706719651e+15 1.0000000000e+00 1
1.7782794100e+02 2.1880082402e+01 2.2852479288e-13 6.1115909524e+14 1.0000000000e+00 1
1.8478497974e+02 2.1701244198e+01 2.3526007187e-13 0.0000000000e+00 1.0000000000e+00 1
1.9201419386e+02 2.1555397699e+01 2.4258024740e-13 3.2273802770e+15 1.0000000000e+00 1
1.9952623150e+02 2.1399860872e+01 2.5002249308e-13 0.0000000000e+00 1.0000000000e+00 1
2.0733215735e+02 2.1261425426e+01 2.5791084008e-13 3.9468695531e+15 1.0000000000e+00 1
2.1544346900e+02 2.1126410600e+01 2.6609915041e-13 1.2472985910e+15 1.0000000000e+00 1
2.2387211386e+02 2.0976285592e+01 2.7435314338e-13 0.0000000000e+00 1.0000000000e+00 1
2.3263050672e+02 2.0852929527e+01 2.8323408381e-13 1.2428120107e+15 1.0000000000e+00 1
2.4173154808e+02 2.0714601620e+01 2.9219372950e-13 4.3288420768e+15 1.0000000000e+00 1
2.5118864315e+02 2.0585728891e+01 3.0157825151e-13 5.0059924942e+15 1.0000000000e+00 1
2.6101572157e+02 2.0455781672e+01 3.1124922786e-13 0.0000000000e+00 1.0000000000e+00 1
2.7122725793e+02 2.0342485787e+01 3.2149603893e-13 1.6562912701e+15 1.0000000000e+00 1
2.8183829313e+02 2.0220228551e+01 3.3193346294e-13 3.2832021971e+15 1.0000000000e+00 1
2.9286445646e+02 2.0110699303e+01 3.4292747029e-13 1.0670888400e+15 1.0000000000e+00 1
3.0432198871e+02 1.9986612021e+01 3.5402600478e-13 0.0000000000e+00 1.0000000000e+00 1
3.1622776602e+02 1.9894675245e+01 3.6607550045e-13 6.0704643112e+14 1.0000000000e+00 1
3.2859932476e+02 1.9778609580e+01 3.7807219813e-13 1.4042108598e+15 1.0000000000e+00 1
3.4145488738e+02 1.9668370037e+01 3.9057409896e-13 2.6128961895e+16 1.0000000000e+00 1
3.5481338923e+02 1.9577265116e+01 4.0388206531e-13 9.2791430331e+14 1.0000000000e+00 1
3.6869450645e+02 1.9468308879e+01 4.1725786073e-13 0.0000000000e+00 1.0000000000e+00 1
3.8311868496e+02 1.9393953784e+01 4.3184458721e-13 4.6438476586e+14 1.0000000000e+00 1
3.9810717055e+02 1.9285316895e+01 4.4614527504e-13 3.5734214344e+15 1.0000000000e+00 1
4.1368204024e+02 1.9191186688e+01 4.6126177286e-13 0.0000000000e+00 1.0000000000e+00 1
4.2986623471e+02 1.9121405855e+01 4.7749541743e-13 6.2937484740e+14 1.0000000000e+00 1
4.4668359215e+02 1.9025353430e+01 4.9361586596e-13 1.7751834287e+16 1.0000000000e+00 1
4.6415888336e+02 1.8947029455e+01 5.1075256681e-13 3.5151380457e+15 1.0000000000e+00 1
4.8231784822e+02 1.8877176878e+01 5.2871833504e-13 8.2127109322e+14 1.0000000000e+00 1
5.0118723363e+02 1.8797106769e+01 5.4701545773e-13 1.9192270950e+15 1.0000000000e+00 1
5.2079483286e+02 1.8724110067e+01 5.6615466167e-13 2.9162070955e+15 1.0000000000e+00 1
5.4116952655e+02 1.8663271220e+01 5.8634183482e-13 7.2332239114e+14 1.0000000000e+00 1
5.6234132519e+02 1.8588295148e+01 6.0678420389e-13 5.4542276629e+15 1.0000000000e+00 1
5.8434141337e+02 1.8523964143e+01 6.2829483488e-13 1.7733009155e+17 1.0000000000e+00 1
6.0720219569e+02 1.8474718881e+01 6.5109647101e-13 6.5669493522e+14 1.0000000000e+00 1
6.3095734448e+02 1.8409010973e+01 6.7412061829e-13 2.7058411382e+15 1.0000000000e+00 1
6.5564184942e+02 1.8355663297e+01 6.9842445347e-13 1.8251158404e+15 1.0000000000e+00 1
6.8129206906e+02 1.8313574557e+01 7.2404728797e-13 5.0760939555e+14 1.0000000000e+00 1
7.0794578438e+02 1.8254762925e+01 7.4992141262e-13 1.8670424931e+15 1.0000000000e+00 1
7.3564225446e+02 1.8204411723e+01 7.7707658816e-13 0.0000000000e+00 1.0000000000e+00 1
7.6442227425e+02 1.8172320338e+01 8.0602236162e-13 6.0599869789e+14 1.0000000000e+00 1
7.9432823472e+02 1.8122196904e+01 8.3521450448e-13 5.3181019873e+15 1.0000000000e+00 1
8.2540418527e+02 1.8084512064e+01 8.6605599061e-13 4.5528446076e+15 1.0000000000e+00 1
8.5769589859e+02 1.8060993534e+01 8.9874025562e-13 4.7453173536e+14 1.0000000000e+00 1
8.9125093813e+02 1.8020110274e+01 9.3176010588e-13 1.3548439111e+15 1.0000000000e+00 1
9.2611872813e+02 1.7984978833e+01 9.6629954446e-13 0.0000000000e+00 1.0000000000e+00 1
9.6235062640e+02 1.7964868149e+01 1.0029566329e-12 1.0062418755e+15 1.0000000000e+00 1
1.0000000000e+03 1.7935897719e+01 1.0404906690e-12 5.3842593597e+15 1.0000000000e+00 1
1.0391223038e+03 1.7914759129e+01 1.0799007317e-12 3.8583608674e+15 1.0000000000e+00 1
1.0797751623e+03 1.7900129361e+01 1.1212115682e-12 9.7568767190e+14 1.0000000000e+00 1
1.1220184543e+03 1.7880335212e+01 1.1637673123e-12 2.6258089410e+15 1.0000000000e+00 1
1.1659144012e+03 1.7866396774e+01 1.2083345700e-12 3.2160060771e+15 1.0000000000e+00 1
1.2115276586e+03 1.7863316456e+01 1.2553726554e-12 5.5599945603e+14 1.0000000000e+00 1
1.2589254118e+03 1.7845636061e+01 1.3031766821e-12 1.0597433259e+17 1.0000000000e+00 1
1.3081774743e+03 1.7842872638e+01 1.3539334092e-12 1.7368565956e+15 1.0000000000e+00 1
1.3593563909e+03 1.7847796759e+01 1.4072746246e-12 4.5860250933e+14 1.0000000000e+00 1
1.4125375446e+03 1.7841526327e+01 1.4618010053e-12 9.6489773448e+14 1.0000000000e+00 1
1.4677992676e+03 1.7840819292e+01 1.5189148646e-12 2.1158942715e+15 1.0000000000e+00 1
1.5252229565e+03 1.7843198958e+01 1.5785344943e-12 4.5641614212e+17 1.0000000000e+00 1
1.5848931925e+03 1.7862447316e+01 1.6420463719e-12 3.8586640056e+14 1.0000000000e+00 1
1.6468978655e+03 1.7861201995e+01 1.7061546544e-12 4.0250656166e+15 1.0000000000e+00 1
1.7113283042e+03 1.7871359221e+01 1.7738988700e-12 0.0000000000e+00 1.0000000000e+00 1
1.7782794100e+03 1.7885813577e+01 1.8447765771e-12 0.0000000000e+00 1.0000000000e+00 1
1.8478497974e+03 1.7914809887e+01 1.9200447270e-12 4.0263113823e+14 1.0000000000e+00 1
1.9201419386e+03 1.7931046133e+01 1.9969582017e-12 5.7056331149e+14 1.0000000000e+00 1
1.9952623150e+03 1.7948345435e+01 2.0770748750e-12 1.4843207198e+15 1.0000000000e+00 1
2.0733215735e+03 1.7971806862e+01 2.1611456889e-12 2.1176180686e+15 1.0000000000e+00 1
2.1544346900e+03 1.7997377602e+01 2.2488798634e-12 4.9924842494e+15 1.0000000000e+00 1
2.2387211386e+03 1.8039051539e+01 2.3422628578e-12 2.9565105664e+14 1.0000000000e+00 1
2.3263050672e+03 1.8059197254e+01 2.4366062247e-12 1.7571176427e+15 1.0000000000e+00 1
2.4173154808e+03 1.8094701673e+01 2.5369006881e-12 9.4149991322e+14 1.0000000000e+00 1
2.5118864315e+03 1.8129452635e+01 2.6412041345e-12 1.2969562876e+15 1.0000000000e+00 1
2.6101572157e+03 1.8165700501e+01 2.7500131258e-12 3.7291467793e+15 1.0000000000e+00 1
2.7122725793e+03 1.8219702443e+01 2.8660869554e-12 2.4832309084e+14 1.0000000000e+00 1
2.8183829313e+03 1.8254670668e+01 2.9839229201e-12 5.0726723982e+14 1.0000000000e+00 1
2.9286445646e+03 1.8299404342e+01 3.1082515797e-12 4.9694847223e+14 1.0000000000e+00 1
3.0432198871e+03 1.8341328404e+01 3.2372458081e-12 1.6194086315e+15 1.0000000000e+00 1
3.1622776602e+03 1.8388668121e+01 3.3725696009e-12 6.5575501837e+15 1.0000000000e+00 1
3.2859932476e+03 1.8440809562e+01 3.5144425980e-12 2.0264226953e+15 1.0000000000e+00 1
3.4145488738e+03 1.8511667621e+01 3.6659616660e-12 1.6741868087e+14 1.0000000000e+00 1
3.5481338923e+03 1.8565744941e+01 3.8205042927e-12 1.7325557028e+14 1.0000000000e+00 1
3.6869450645e+03 1.8617780810e+01 3.9810919620e-12 2.3376269267e+14 1.0000000000e+00 1
3.8311868496e+03 1.8669324709e+01 4.1482883504e-12 5.1724901211e+14 1.0000000000e+00 1
3.9810717055e+03 1.8726194103e+01 4.3237037275e-12 1.5932432906e+15 1.0000000000e+00 1
4.1368204024e+03 1.8789521745e+01 4.5080451455e-12 1.2292806679e+15 1.0000000000e+00 1
4.2986623471e+03 1.8851493069e+01 4.6998548229e-12 0.0000000000e+00 1.0000000000e+00 1
4.4668359215e+03 1.8920714627e+01 4.9016514335e-12 1.1650437253e+15 1.0000000000e+00 1
4.6415888336e+03 1.9006650731e+01 5.1165441245e-12 1.3937803666e+14 1.0000000000e+00 1
4.8231784822e+03 1.9065998083e+01 5.3333112195e-12 2.9184975243e+14 1.0000000000e+00 1
5.0118723363e+03 1.9132043266e+01 5.5611552688e-12 7.2579565341e+14 1.0000000000e+00 1
5.2079483286e+03 1.9205159261e+01 5.8008000129e-12 7.8019229789e+14 1.0000000000e+00 1
5.4116952655e+03 1.9282301499e+01 6.0519480078e-12 4.7748489528e+14 1.0000000000e+00 1
5.6234132519e+03 1.9357816221e+01 6.3133380073e-12 6.0046910699e+14 1.0000000000e+00 1
5.8434141337e+03 1.9433843819e+01 6.5860916152e-12 1.2630797699e+15 1.0000000000e+00 1
6.0720219569e+03 1.9510143993e+01 6.8706200690e-12 0.0000000000e+00 1.0000000000e+00 1
6.3095734448e+03 1.9611692367e+01 7.1765705290e-12 1.2927543254e+14 1.0000000000e+00 1
6.5564184942e+03 1.9687298853e+01 7.4860797928e-12 2.0716994456e+14 1.0000000000e+00 1
6.8129206906e+03 1.9769631360e+01 7.8114802586e-12 2.4485383819e+14 1.0000000000e+00 1
7.0794578438e+03 1.9850950060e+01 8.1504676774e-12 4.4487856128e+14 1.0000000000e+00 1
7.3564225446e+03 1.9940150487e+01 8.5073861135e-12 3.0684429123e+14 1.0000000000e+00 1
7.6442227425e+03 2.0020530450e+01 8.8758464858e-12 0.0000000000e+00 1.0000000000e+00 1
7.9432823472e+03 2.0109077389e+01 9.2638785089e-12 0.0000000000e+00 1.0000000000e+00 1
8.2540418527e+03 2.0205479486e+01 9.6724504803e-12 5.7793474608e+14 1.0000000000e+00 1
8.5769589859e+03 2.0296145415e+01 1.0095959675e-11 9.5096009294e+14 1.0000000000e+00 1
8.9125093813e+03 2.0386288084e+01 1.0537531500e-11 0.0000000000e+00 1.0000000000e+00 1
9.2611872813e+03 2.0494389525e+01 1.1007847563e-11 1.5707450361e+14 1.0000000000e+00 1
9.6235062640e+03 2.0591711584e+01 1.1492818718e-11 1.3518449608e+14 1.0000000000e+00 1
1.0000000000e+04 2.0681363758e+01 1.1994439844e-11 2.5693163138e+14 1.0000000000e+00 1
